-6890.91 2242.06
-7037.72 2320.08
-6724.43 2261.17
-7036.07 2433.68
-6712.39 2179.91
-6688.46 2265.19
-6753.6 2091.31
-6520.37 2248.7
-6589.17 2056.5
-6805.46 2033.06
-6477.72 2247.34
-6498.27 2309.52
-6550.1 2024.58
-6729.65 1920.88
-6376.8 2400.82
-6522.52 2445.01
-6502.02 2078.8
-6875.52 1900.55
-6221.99 2428.67
-6530.44 2562.36
-6490.06 2065.86
-6446.49 2571.41
-6632.67 2498.08
-6379.87 2691.39
-6737.94 2450.65
-6232.28 2668.97
-6762.95 2514.78
-6193.98 2750.12
-6910.72 2608.55
-6725.58 2604.37
-6146.39 2752.79
-6744.5 2683.69
-6149.07 2797.28
-6097.23 2771.87
-6610.92 2698.07
-6190.2 2811.75
-6094.74 2771.47
-6538.33 2702.62
-6039.92 2726.98
-6553.47 2747.84
-6534.95 2701.62
-6002.71 2792.62
-6628.87 2850.79
-5953.15 2747.82
-6660.82 2936.57
-6679.25 2819.1
-5899.83 2777.19
-6681.55 3009.12
-5882.04 2841.94
-5811.31 2815.13
-5773.31 2878.79
-5790.83 2758.59
-5785.13 2920.73
-5734.86 2761.14
-5817.28 2747.17
-5782.44 2971.98
-5831.77 2919.0
-5738.11 2924.92
-5666.77 2759.7
-5709.93 2658.69
-5842.83 2722.33
-5800.64 3000.1
-5842.42 2952.63
-5732.06 2921.0
-5622.91 2819.03
-5640.47 2649.8
-5835.61 2705.92
-5796.36 3012.19
-5885.55 2924.21
-5632.62 2838.55
-5572.55 2839.81
-5837.05 2624.85
-5839.24 3211.91
-5913.71 2922.17
-5644.81 2867.43
-5533.55 2910.94
-5571.47 2789.37
-5925.61 2643.2
-5919.29 2968.58
-5959.5 2880.14
-5551.32 2980.19
-5527.38 2794.27
-5577.48 2768.24
-5972.88 2555.87
-6035.26 2873.92
-5554.22 3002.82
-5612.35 2968.25
-5522.91 2982.99
-6049.73 2623.89
-5996.43 2498.9
-6056.24 2891.65
-5546.08 3009.12
-5517.35 3001.69
-6121.88 2562.3
-5982.72 2399.71
-6068.06 2942.42
-5485.93 3014.47
-5942.69 2350.23
-6156.0 2920.75
-6065.41 2952.19
-5414.57 3056.1
-5470.42 2984.36
-5894.53 2421.5
-5997.68 2316.13
-6177.23 2976.16
-6073.95 2973.8
-5490.8 3208.34
-5341.75 3053.49
-5463.16 2979.17
-5798.57 2484.72
-5962.96 2236.4
-6264.52 2936.6
-6060.69 3022.99
-5582.85 3221.59
-5292.52 3055.77
-5362.92 2981.8
-5450.17 2963.26
-5704.14 2459.86
-5872.29 2242.9
-6026.31 2101.97
-6332.2 2902.59
-6081.78 3076.08
-5622.77 3355.96
-5252.81 3131.36
-5261.48 2974.43
-5693.08 2408.16
-5778.64 2269.14
-6083.39 2120.83
-6324.33 2878.6
-6380.49 2936.07
-5198.28 2978.08
-5245.63 2908.83
-5661.16 2414.86
-5830.85 2331.9
-6141.59 2100.22
-6389.26 3041.71
-6467.97 2874.42
-5243.09 2849.91
-5585.92 2434.03
-6155.92 2098.24
-6322.14 3096.27
-6432.33 3105.47
-5216.07 2805.86
-5544.54 2494.33
-5599.17 2349.29
-6223.79 2069.72
-6363.98 3228.21
-6444.11 3107.92
-5246.24 2787.01
-5513.3 2492.45
-5664.12 2312.69
-6298.38 2104.0
-6364.15 3232.53
-6506.2 3148.06
-5273.15 2783.06
-5219.97 2746.26
-5523.62 2575.25
-5451.57 2487.02
-5603.66 2216.82
-6315.55 2180.68
-6171.89 3342.29
-6687.73 3239.01
-5312.4 2782.73
-5272.4 2766.44
-5193.52 2760.53
-5433.61 2471.69
-5522.89 2264.71
-5642.06 2095.81
-6231.37 2231.69
-6719.09 3448.62
-5293.59 2714.79
-5164.44 2778.82
-5385.66 2364.84
-5598.34 2018.32
-5688.3 2048.78
-6498.95 4058.49
-6906.17 3448.55
-5322.9 2687.48
-5127.67 2809.7
-5142.33 2719.89
-5622.97 1971.86
-5823.44 2103.14
-6999.1 3332.66
-5352.19 2594.79
-5125.02 2814.65
-5531.36 1845.89
-5697.53 1931.03
-7231.96 3484.63
-6963.69 3234.25
-5271.9 2545.16
-5124.98 2827.16
-5118.47 2814.13
-5541.05 1780.86
-5712.79 1918.83
-7293.6 3477.58
-6933.79 3065.66
-5271.0 2545.94
-5113.52 2813.17
-4567.65 1276.08
-5650.84 1696.66
-5702.52 1888.81
-7372.49 3604.78
-7132.78 3045.78
-5096.73 2835.26
-7242.59 2842.6
-5081.43 2836.61
-7253.95 2745.8
-5058.17 2844.46
-7242.67 2683.25
-5039.05 2854.21
-5057.96 2818.45
-7228.0 2643.22
-5030.68 2870.1
-7319.8 2465.81
-5028.78 2878.6
-7369.09 2424.18
-5022.26 2885.68
-7513.6 2454.83
-7357.75 2194.38
-5015.67 2909.02
-7500.33 2699.15
-7714.57 2432.03
-5013.47 2960.81
-5060.97 2933.11
-4961.26 2920.16
-7715.07 2779.99
-7743.78 2311.13
-5014.68 3058.17
-5091.81 2952.34
-4934.35 2889.85
-7731.13 2816.4
-7919.99 2261.17
-7664.49 2226.38
-5058.67 3073.09
-5096.27 2947.1
-4916.54 2881.39
-7736.85 2848.33
-8095.0 2260.48
-5108.32 3156.64
-5108.93 2958.27
-4907.1 2907.78
-7769.44 2962.23
-8104.15 2356.74
-5021.83 3202.78
-4909.96 2926.78
-7775.6 3178.67
-7955.43 2499.54
-8163.21 2359.46
-4932.84 3371.41
-4953.51 3139.57
-4913.12 2927.93
-7741.15 3219.36
-8170.06 2352.86
-4303.32 5701.62
-4927.67 2945.78
-7690.35 3282.06
-8270.56 2378.33
-4937.25 2970.81
-4917.1 2950.86
-7650.33 3456.09
-7496.88 3163.43
-8223.61 2444.14
-4942.97 2985.49
-4889.42 2976.07
-7793.97 3429.24
-7390.17 3095.29
-8275.68 2539.11
-4854.37 3016.81
-7878.31 3531.75
-8380.59 2622.72
-4821.5 3061.67
-7843.78 3701.63
-8394.66 2665.83
-8422.34 2579.99
-4752.28 3095.56
-7907.33 4315.91
-8579.09 2819.26
-8275.34 2706.05
-8448.31 2612.12
-8431.72 2554.75
-4597.05 3169.38
-8504.68 3043.82
-8278.54 2731.33
-8448.44 2616.77
-8458.58 2610.09
-10769.1 1363.24
-4552.73 3131.15
-8501.11 3105.35
-10907.3 1472.22
-4469.28 3186.15
-8476.31 3145.48
-11011.9 1518.8
-4361.4 3198.44
-8460.28 3264.98
-4149.04 3189.55
-4388.17 3101.07
-8452.53 3289.4
-8326.35 3220.01
-3644.93 3290.24
-8463.32 3369.09
-8176.92 3182.87
-8511.34 3399.16
-8113.56 3293.02
-8029.09 3013.51
-9013.16 3750.93
-8528.19 3361.29
-9287.82 4028.41
-9332.64 4194.8
-9613.13 4425.1
-10206.6 4480.01
-10357.5 4229.9
-11428.9 4456.75
